138 147 20
139 147 20
139 147 20
140 147 20
141 146 20
141 145 20
142 144 20
144 143 20
145 143 20
147 141 20
149 139 20
150 138 20
152 137 20
155 135 20
157 133 20
160 131 20
163 128 20
166 126 20
170 123 20
174 120 20
178 117 20
182 114 20
186 110 20
191 107 20
195 104 20
200 101 20
205 98 20
210 95 20
216 92 20
221 89 20
227 86 20
234 83 20
241 80 20
247 78 20
254 75 20
259 73 20
265 70 20
270 68 20
275 66 20
277 65 20
281 64 20
284 62 20
286 61 20
289 60 20
290 60 20
291 59 20
293 58 20
294 58 20
294 58 20
295 58 20
295 58 20
296 57 20
296 57 20
296 57 20
296 57 20
